任意の数字で割り切れる数を出力するプログラムを作ることにした。
以下の問に答えよ。

※比較分岐する箇所は、対象の値を変更し、必ず意図した結果になることを確認すること。

■ 問１ ■
1〜30までの数字を全てを出力せよ。

----------出力結果----------

1 2 3 4 5 6 7 8 9 10 11 12 13 14 15 16 17 18 19 20 21 22 23 24 25 26 27 28 29 30

----------------------------

■ 問２ ■
問１のプログラムを修正し、3で割り切れる数字のみを出力せよ。

----------出力結果----------

3 6 9 12 15 18 21 24 27 30
3 6 9 12 15 18 21 24 27 30 
----------------------------

■ 問３ ■
さらにプログラムを修正し、範囲を1〜100までとし、
3で割り切れる数字が30個になった時点で繰り返し処理をbreakするよう修正せよ。

----------出力結果----------

3 6 9 12 15 18 21 24 27 30 33 36 39 42 45 48 51 54 57 60 63 66 69 72 75 78 81 84 87 90 

----------------------------

■ 問４ ■
問３のプログラムでは、出力結果が横長になってしまうので、10個出力したら改行するように修正せよ。

----------出力結果----------

3 6 9 12 15 18 21 24 27 30 
33 36 39 42 45 48 51 54 57 60 
63 66 69 72 75 78 81 84 87 90 

----------------------------

■ 追加問題 ■
これまでのプログラムでは、決まった範囲内の数を3で割り、30個出力するだけである。
任意の数字で割り切れる数を、1〜任意の範囲で、任意の個数出力できるように修正せよ。


